# oST version 5.0 parameters


[image]

width
640

height
480

[narrow_stereo]

camera matrix
1771.869403 0.000000 327.746416
0.000000 1771.342392 247.128408
0.000000 0.000000 1.000000

distortion
-0.587811 0.345613 -0.002533 -0.001368 0.000000

rectification
1.000000 0.000000 0.000000
0.000000 1.000000 0.000000
0.000000 0.000000 1.000000

projection
1734.548584 0.000000 327.292217 0.000000
0.000000 1748.432129 246.514501 0.000000
0.000000 0.000000 1.000000 0.000000
